0.2952816396111737629048832,0.0433161123001345599314860,0.0042451375194808788418599,0.0004944286736041818633436,0.0000006182770333227277970,0.0000867876504624997478473,0.0000003617102879295155431,6.886102,3.494587,0.000000,0.000000,0.044438,0.000000,0.000000,0.022836,1
0.1919616134389991457531721,0.0090606081358942814479862,0.0002984632616054140943906,0.0000246784713520728884225,-0.0000000008407419878386083,-0.0000010417076307323443231,-0.0000000019439681542467408,3.656377,4.248590,0.000000,0.000000,0.939093,0.000000,0.000000,0.049222,1
1.2707981040045075449285150,1.5371789722622120066830576,0.1298121993348818059565986,0.0436729161718304517703082,0.0028282708733346232851669,0.0268314433027544603505010,0.0016775071668976675176577,5.380609,4.139423,0.936699,0.000000,1.374199,0.000000,0.000000,0.005609,1
0.0000000000000000000000000,0.0000000000000000000000000,0.0000000000000000000000000,0.0000000000000000000000000,0.0000000000000000000000000,0.0000000000000000000000000,0.0000000000000000000000000,9.655055,0.000000,0.000000,0.000000,0.000000,0.000000,0.000000,0.000000,1
0.1592117320194983975945036,0.0000138293565288237022275,0.0000001722708947090242881,0.0000000000238259316001200,-0.0000000000000000000239990,-0.0000000000000617588187907,0.0000000000000000000418817,0.000000,0.000000,0.000000,0.000000,0.000000,0.000000,0.000000,0.000000,1
0.0000000000000000000000000,0.0000000000000000000000000,0.0000000000000000000000000,0.0000000000000000000000000,0.0000000000000000000000000,0.0000000000000000000000000,0.0000000000000000000000000,0.000000,7.009675,0.000000,0.000000,0.000000,0.000000,0.000000,0.000000,1
0.0000000000000000000000000,0.0000000000000000000000000,0.0000000000000000000000000,0.0000000000000000000000000,0.0000000000000000000000000,0.0000000000000000000000000,0.0000000000000000000000000,4.348971,4.548586,0.000000,0.000000,0.000000,2.791569,1.948526,0.000000,1
0.0000000000000000000000000,0.0000000000000000000000000,0.0000000000000000000000000,0.0000000000000000000000000,0.0000000000000000000000000,0.0000000000000000000000000,0.0000000000000000000000000,5.829626,2.764939,0.000000,0.000000,0.000000,0.000000,0.000000,0.000000,1
0.2697456386242045311973925,0.0306532317214311955666517,0.0018581973873128656074560,0.0000878843397079633661126,0.0000000279796688592604831,0.0000125222439993380713736,-0.0000000218737552019857754,7.888574,5.175485,0.000000,0.000000,0.086863,0.000000,0.000000,0.047830,1
0.1885054503380716728333510,0.0037852728552127722430609,0.0003614440999763471784774,0.0000999168683391658406408,0.0000000169911687186922459,0.0000061282141761958016271,-0.0000000084760610698614003,5.004901,3.183889,0.000000,0.000000,0.000000,0.000000,0.000000,0.000000,1
0.0000000000000000000000000,0.0000000000000000000000000,0.0000000000000000000000000,0.0000000000000000000000000,0.0000000000000000000000000,0.0000000000000000000000000,0.0000000000000000000000000,19.545383,0.000000,0.000000,0.000000,0.000000,0.000000,0.000000,0.000000,1
0.2829161899995664142259955,0.0442863941424368259824895,0.0009026860045557181990578,0.0006248029479996872539993,0.0000004692219848794305936,0.0001221453620860946586921,0.0000000021613457879946411,11.887306,6.865464,0.000000,0.000000,0.094967,0.000000,0.000000,0.022792,1
0.2186992020944073522592532,0.0018185299421427040655191,0.0050146361678759000801708,0.0001987095697027128047858,0.0000001931849737873671263,0.0000083223536514605087739,-0.0000000450014456619871319,5.738773,3.398487,0.000000,0.000000,0.000000,0.000000,0.000000,0.023613,1
0.0000000000000000000000000,0.0000000000000000000000000,0.0000000000000000000000000,0.0000000000000000000000000,0.0000000000000000000000000,0.0000000000000000000000000,0.0000000000000000000000000,5.126151,7.111235,0.000000,0.000000,0.000000,0.000000,0.000000,0.120597,1
0.0000000000000000000000000,0.0000000000000000000000000,0.0000000000000000000000000,0.0000000000000000000000000,0.0000000000000000000000000,0.0000000000000000000000000,0.0000000000000000000000000,4.658248,3.879911,2.452788,0.000000,3.163021,0.000000,0.000000,0.050694,1
0.0000000000000000000000000,0.0000000000000000000000000,0.0000000000000000000000000,0.0000000000000000000000000,0.0000000000000000000000000,0.0000000000000000000000000,0.0000000000000000000000000,0.721749,0.737236,0.000000,0.000000,0.000000,0.000000,0.000000,0.000000,1
0.1677168338156740934330458,0.0012382248794201248381919,0.0003316780549757117183864,0.0000102397646493680542101,0.0000000005851672340290547,0.0000003041726813514346457,-0.0000000001170100540958159,17.164368,0.000000,0.000000,0.000000,0.000000,0.000000,0.000000,0.000000,1
0.0000000000000000000000000,0.0000000000000000000000000,0.0000000000000000000000000,0.0000000000000000000000000,0.0000000000000000000000000,0.0000000000000000000000000,0.0000000000000000000000000,0.000000,0.000000,0.000000,0.000000,0.000000,0.000000,0.000000,0.000000,1
1.6784831796711512374997710,2.7893228444961701839588386,0.0002303911737172266763728,0.0000262854982711059006366,-0.0000000018130171830820901,-0.0000411019330400694193005,0.0000000009472002887807242,2.087345,0.331116,0.256360,0.000000,0.046677,0.000000,0.000000,0.000000,1
0.3709878657344897190384359,0.1009311204764099106911956,0.0000168629600612534229600,0.0000154762787786692189711,0.0000000002338148835808537,0.0000045658811080605834581,0.0000000000885341143381803,0.000000,0.000000,0.000000,0.000000,0.000000,0.000000,0.000000,0.000000,1
0.0000000000000000000000000,0.0000000000000000000000000,0.0000000000000000000000000,0.0000000000000000000000000,0.0000000000000000000000000,0.0000000000000000000000000,0.0000000000000000000000000,8.256461,0.000000,0.000000,0.000000,0.000000,3.379212,0.000000,0.000000,1
0.0000000000000000000000000,0.0000000000000000000000000,0.0000000000000000000000000,0.0000000000000000000000000,0.0000000000000000000000000,0.0000000000000000000000000,0.0000000000000000000000000,0.000000,0.000000,0.000000,0.000000,0.000000,0.000000,0.000000,0.000000,1
0.0000000000000000000000000,0.0000000000000000000000000,0.0000000000000000000000000,0.0000000000000000000000000,0.0000000000000000000000000,0.0000000000000000000000000,0.0000000000000000000000000,8.375773,7.567281,0.000000,0.000000,0.000000,0.000000,0.000000,0.000000,1
0.2400567458771145079587939,0.0226071314516043918307897,0.0011509600865063625372425,0.0001499298739065628720442,0.0000000560184177817326723,0.0000151089891072906687506,0.0000000272209776684865930,6.085750,0.998926,0.000000,0.000000,0.000000,0.000000,0.000000,0.000000,1
0.0000000000000000000000000,0.0000000000000000000000000,0.0000000000000000000000000,0.0000000000000000000000000,0.0000000000000000000000000,0.0000000000000000000000000,0.0000000000000000000000000,2.054235,1.480092,0.000000,0.000000,0.020412,14.387030,0.000000,0.000000,1
0.2222222222935670288279653,0.0123456790152201307392277,0.0054869767214630518065155,0.0002194797387523787053024,-0.0000002408564110332994111,-0.0000243866376415639258082,-0.0000000000022123463592932,6.311297,0.000000,0.000000,0.000000,0.062202,0.000000,0.000000,0.000000,1
0.2533006627338949545702462,0.0244597768134447966781320,0.0044776372860184836602326,0.0004185263576589573659981,0.0000003849171688237966421,0.0000399338614390540197247,0.0000004243799119810904567,8.347980,8.237475,0.000000,0.000000,0.024474,0.000000,0.000000,0.057848,1
2.1157925684765546137100500,4.4195516622920960614351316,0.0261556023259067148278856,0.0212504649304640809426292,0.0005006994840410177284931,0.0418860184553557224340636,0.0000172596565147750712673,0.000000,0.000000,0.000000,0.000000,0.234099,0.000000,0.000000,0.000000,1
0.0000000000000000000000000,0.0000000000000000000000000,0.0000000000000000000000000,0.0000000000000000000000000,0.0000000000000000000000000,0.0000000000000000000000000,0.0000000000000000000000000,9.909622,0.000000,0.000000,0.000000,0.000000,0.000000,0.000000,0.000000,1
0.0000000000000000000000000,0.0000000000000000000000000,0.0000000000000000000000000,0.0000000000000000000000000,0.0000000000000000000000000,0.0000000000000000000000000,0.0000000000000000000000000,0.000000,2.887281,0.000000,0.000000,6.794637,1.042391,0.000000,0.000000,1
0.0000000000000000000000000,0.0000000000000000000000000,0.0000000000000000000000000,0.0000000000000000000000000,0.0000000000000000000000000,0.0000000000000000000000000,0.0000000000000000000000000,0.000000,0.000000,0.000000,0.000000,0.000000,1.337465,0.000000,0.000000,1
0.0000000000000000000000000,0.0000000000000000000000000,0.0000000000000000000000000,0.0000000000000000000000000,0.0000000000000000000000000,0.0000000000000000000000000,0.0000000000000000000000000,5.356195,4.322411,0.000000,0.000000,0.000000,0.000000,0.000000,0.000000,1
0.1687242798377863173264757,0.0002709614042882315916930,0.0007756854413898663048663,0.0000025932294811261432280,-0.0000000001163065692924416,-0.0000000426869049856463813,-0.0000000000000018817774660,7.631031,5.437943,0.073607,2.393872,0.220413,0.000000,0.000000,0.000000,1
0.0000000000000000000000000,0.0000000000000000000000000,0.0000000000000000000000000,0.0000000000000000000000000,0.0000000000000000000000000,0.0000000000000000000000000,0.0000000000000000000000000,0.000000,14.048623,0.000000,0.000000,0.104245,0.000000,0.000000,0.000000,1
0.0000000000000000000000000,0.0000000000000000000000000,0.0000000000000000000000000,0.0000000000000000000000000,0.0000000000000000000000000,0.0000000000000000000000000,0.0000000000000000000000000,0.000000,0.000000,4.420914,0.000000,3.761366,0.000000,0.000000,0.000000,1
0.0000000000000000000000000,0.0000000000000000000000000,0.0000000000000000000000000,0.0000000000000000000000000,0.0000000000000000000000000,0.0000000000000000000000000,0.0000000000000000000000000,3.451480,3.807951,0.000000,0.000000,0.000000,0.000000,0.000000,0.000000,1
0.1605345179504232278056008,0.0000160349490758069909756,0.0000003908781161175823726,0.0000000179992158433511137,-0.0000000000000011245886735,0.0000000000441123065521471,0.0000000000000010072753219,0.000000,0.000000,0.000935,0.000000,0.005607,0.000000,0.000000,0.000000,1
0.0000000000000000000000000,0.0000000000000000000000000,0.0000000000000000000000000,0.0000000000000000000000000,0.0000000000000000000000000,0.0000000000000000000000000,0.0000000000000000000000000,1.333404,1.382813,0.000000,0.000000,0.289870,0.000000,0.000000,0.054021,1
0.0000000000000000000000000,0.0000000000000000000000000,0.0000000000000000000000000,0.0000000000000000000000000,0.0000000000000000000000000,0.0000000000000000000000000,0.0000000000000000000000000,3.016978,2.220248,0.016800,0.000000,0.077541,0.000000,0.000000,0.014216,1
0.0000000000000000000000000,0.0000000000000000000000000,0.0000000000000000000000000,0.0000000000000000000000000,0.0000000000000000000000000,0.0000000000000000000000000,0.0000000000000000000000000,10.154480,0.000000,0.000000,0.000000,0.000000,0.000000,0.000000,0.000000,1
44.8055555555620230734348297,1997.5933641968299525615293533,1.2007029803500330888965664,0.1407030180641991867762641,-0.0552753960308006928037194,-6.0115444247298803759349539,0.0170071527012526368949352,0.000000,1.670005,0.005459,0.000000,0.000000,0.000000,0.000000,0.000000,1
0.4076952961953559384511436,0.1230685557490682063841447,0.0026328579737638860974736,0.0015603634657665520039938,0.0000031589212817119175942,0.0005469424886721365244857,0.0000001537160664117170393,4.424237,1.551765,0.000000,0.000000,0.000000,0.000000,0.000000,0.000000,1
1.6319824827992879257010372,2.4607181832010596167492622,0.4618505762009759152419974,0.0891310256123379884840574,0.0061903941486419894468796,-0.0180805087762354252389763,-0.0169914530699726736007182,8.667227,3.884874,0.000000,0.000000,0.000000,0.000000,0.000000,0.000000,1
0.0000000000000000000000000,0.0000000000000000000000000,0.0000000000000000000000000,0.0000000000000000000000000,0.0000000000000000000000000,0.0000000000000000000000000,0.0000000000000000000000000,8.113564,5.820669,0.000000,0.000000,0.000000,0.000000,0.000000,0.000000,1
63.6944444444444428654605872,4042.8402777777773735579103231,819766.6461226852843537926673889,820464.9884580760262906551361084,672876253581.2285156250000000000000000,52167898.8494593277573585510253906,0.0000000000000000000000000,6.212686,0.000000,0.000000,0.000000,0.000000,0.791559,0.000000,0.000000,1
0.2223173297762853772852054,0.0051962961744297653243763,0.0002263475788635865469049,0.0001710276693916891607109,-0.0000000202989515221008876,-0.0000082120235394822059543,-0.0000000268381763542913974,0.000000,14.857215,0.000000,0.000000,0.000000,0.000000,0.000000,0.033795,1
0.6102214216246891753669956,0.3322085417894555248174981,0.0109446377762784895215642,0.0020431064003316934049592,0.0000029007227628562776871,-0.0001553413097132909316458,0.0000092155962914750886108,0.000000,1.773165,0.000000,0.000000,0.072295,0.000000,0.000000,0.001555,1
0.2222222222408163361251354,0.0123456790022850957516676,0.0054869741357971169720686,0.0002194784118127069295207,-0.0000002408541700274274316,-0.0000243864901914657265531,0.0000000000002832338610000,0.000000,0.000000,0.000000,0.000000,0.000000,0.000000,0.000000,0.000000,1
0.0000000000000000000000000,0.0000000000000000000000000,0.0000000000000000000000000,0.0000000000000000000000000,0.0000000000000000000000000,0.0000000000000000000000000,0.0000000000000000000000000,0.000000,0.000000,0.000000,0.000000,0.000000,0.000000,0.000000,0.000000,1
0.0000000000000000000000000,0.0000000000000000000000000,0.0000000000000000000000000,0.0000000000000000000000000,0.0000000000000000000000000,0.0000000000000000000000000,0.0000000000000000000000000,2.493227,0.854296,0.000000,0.000000,0.000000,0.000000,0.000000,0.000000,1
0.0000000000000000000000000,0.0000000000000000000000000,0.0000000000000000000000000,0.0000000000000000000000000,0.0000000000000000000000000,0.0000000000000000000000000,0.0000000000000000000000000,0.000000,0.000000,0.000000,0.000000,0.000000,0.000000,0.000000,0.070140,1
1.4764498332296904781202329,2.0950139212752501016723272,0.1650771691555903142312189,0.0469700723097265446237536,0.0031928243527388502041864,0.0254832599155447071803682,-0.0026290607716854298703257,8.386244,5.733686,0.031746,0.000000,0.000000,0.000000,0.000000,0.000000,1
0.0000000000000000000000000,0.0000000000000000000000000,0.0000000000000000000000000,0.0000000000000000000000000,0.0000000000000000000000000,0.0000000000000000000000000,0.0000000000000000000000000,0.000000,0.000000,0.000000,0.000000,0.000000,0.000000,0.000000,0.000000,1
0.0000000000000000000000000,0.0000000000000000000000000,0.0000000000000000000000000,0.0000000000000000000000000,0.0000000000000000000000000,0.0000000000000000000000000,0.0000000000000000000000000,0.000000,0.000000,0.004464,0.000000,0.000000,0.000000,0.000000,0.000000,1
0.0000000000000000000000000,0.0000000000000000000000000,0.0000000000000000000000000,0.0000000000000000000000000,0.0000000000000000000000000,0.0000000000000000000000000,0.0000000000000000000000000,0.000000,0.000000,0.000000,0.000000,0.000000,0.000000,0.000000,0.000000,1
0.2874315646029195758792696,0.0400872999725065334852836,0.0029409259414790184933297,0.0002084946163697235844460,0.0000000647129471456237818,0.0000014640440568553656555,-0.0000001498886816374598509,0.000000,0.000000,0.027617,0.000000,0.000000,0.000000,0.000000,0.000000,1
41.7665733355162345219468989,996.4195037708338986703893170,76457.5925781874393578618764877,10578.3785205775202484801411629,9760053.5024439617991447448730469,-104426.9603354200953617691993713,-300683982.7662346363067626953125000,11.901626,0.436990,0.000000,0.000000,0.000000,0.000000,0.000000,0.000000,1
0.0000000000000000000000000,0.0000000000000000000000000,0.0000000000000000000000000,0.0000000000000000000000000,0.0000000000000000000000000,0.0000000000000000000000000,0.0000000000000000000000000,2.402676,0.000000,0.000000,0.000000,0.000000,0.000000,0.000000,0.000000,1
0.2776053333330899541842030,0.0477932231394250228717624,0.0013277885663324094558252,0.0001204417603270921334653,-0.0000000466365354734278933,-0.0000253263533197040750246,-0.0000000120368259056045023,0.000000,0.000000,0.000000,0.000000,0.119696,0.000000,0.000000,0.000000,1
0.0000000000000000000000000,0.0000000000000000000000000,0.0000000000000000000000000,0.0000000000000000000000000,0.0000000000000000000000000,0.0000000000000000000000000,0.0000000000000000000000000,0.000000,0.000000,0.004759,0.000000,0.000000,0.000000,0.000000,0.000000,1
0.0000000000000000000000000,0.0000000000000000000000000,0.0000000000000000000000000,0.0000000000000000000000000,0.0000000000000000000000000,0.0000000000000000000000000,0.0000000000000000000000000,0.000000,0.000000,0.000000,0.000000,0.000000,0.000000,0.000000,0.000000,1
0.0000000000000000000000000,0.0000000000000000000000000,0.0000000000000000000000000,0.0000000000000000000000000,0.0000000000000000000000000,0.0000000000000000000000000,0.0000000000000000000000000,12.964781,0.000000,0.000000,0.000000,0.000000,0.000000,0.000000,0.000000,1
0.0000000000000000000000000,0.0000000000000000000000000,0.0000000000000000000000000,0.0000000000000000000000000,0.0000000000000000000000000,0.0000000000000000000000000,0.0000000000000000000000000,3.695780,0.000000,0.000000,0.000000,0.000000,0.000000,0.000000,0.000000,1
0.1753158299963894495299144,0.0023981321021623739145334,0.0001406666370968583535533,0.0000056878989636760533594,0.0000000001591317237346192,0.0000002294158325578991974,0.0000000000237067163225738,0.178063,0.000000,0.385263,0.000000,0.030756,0.000000,0.000000,0.000000,1
0.0000000000000000000000000,0.0000000000000000000000000,0.0000000000000000000000000,0.0000000000000000000000000,0.0000000000000000000000000,0.0000000000000000000000000,0.0000000000000000000000000,4.158589,0.018462,0.000000,0.000000,0.000000,0.000000,0.000000,0.000000,1
0.0000000000000000000000000,0.0000000000000000000000000,0.0000000000000000000000000,0.0000000000000000000000000,0.0000000000000000000000000,0.0000000000000000000000000,0.0000000000000000000000000,0.000000,0.000000,0.000000,0.000000,0.000000,0.000000,0.000000,0.000000,1
0.2543374918450501120936735,0.0378227718973544388414432,0.0006742345181852150157523,0.0000614934236562607777809,-0.0000000038940791492400927,-0.0000066244917312941004549,0.0000000119003544962699576,7.286126,5.362736,0.000000,0.000000,0.149970,0.000000,0.000000,0.002586,1
0.0000000000000000000000000,0.0000000000000000000000000,0.0000000000000000000000000,0.0000000000000000000000000,0.0000000000000000000000000,0.0000000000000000000000000,0.0000000000000000000000000,12.124171,0.000000,0.000000,0.000000,0.000000,0.000000,0.000000,0.000000,1
0.0000000000000000000000000,0.0000000000000000000000000,0.0000000000000000000000000,0.0000000000000000000000000,0.0000000000000000000000000,0.0000000000000000000000000,0.0000000000000000000000000,8.090501,0.000000,0.000000,0.000000,0.104300,0.000000,0.000000,0.000000,1
0.0000000000000000000000000,0.0000000000000000000000000,0.0000000000000000000000000,0.0000000000000000000000000,0.0000000000000000000000000,0.0000000000000000000000000,0.0000000000000000000000000,2.018772,0.000000,0.102977,0.000000,0.035398,0.000000,0.000000,0.000000,1
0.3464066507736126010463806,0.0794110551113550861002111,0.0022541037630947752257171,0.0002572113703410163995135,-0.0000001770514824790767691,-0.0000623493258763320587143,0.0000000837242584330961767,8.474266,5.562952,0.000000,0.000000,0.000000,0.000000,0.000000,0.000000,1
0.2499999999890860635787249,0.0347222222175736922045175,0.0000000000000001140114950,0.0000000000000000898345277,0.0000000000000000000000000,0.0000000000000000160759188,0.0000000000000000000000000,0.000000,0.000000,0.000000,0.000000,0.000000,4.254300,0.000000,0.000000,1
0.0000000000000000000000000,0.0000000000000000000000000,0.0000000000000000000000000,0.0000000000000000000000000,0.0000000000000000000000000,0.0000000000000000000000000,0.0000000000000000000000000,3.460815,0.000000,7.977934,0.000000,0.155848,0.000000,0.000000,0.000000,1
0.0000000000000000000000000,0.0000000000000000000000000,0.0000000000000000000000000,0.0000000000000000000000000,0.0000000000000000000000000,0.0000000000000000000000000,0.0000000000000000000000000,10.429448,0.000000,0.000000,0.000000,0.235438,0.000000,0.000000,0.000000,1
0.0000000000000000000000000,0.0000000000000000000000000,0.0000000000000000000000000,0.0000000000000000000000000,0.0000000000000000000000000,0.0000000000000000000000000,0.0000000000000000000000000,0.000000,0.000000,0.000000,0.000000,0.547821,0.000000,0.000000,0.000000,1
0.2101260918263400112593331,0.0092477295809090219458337,0.0004567625285294517464493,0.0000320292762593510558469,0.0000000022035307922148536,0.0000018984581361251955812,-0.0000000031863402011420747,4.245690,0.000000,0.000000,0.000000,4.771013,0.000000,0.000000,0.000000,1
0.1666156762536323554524387,0.0004068807554293150030231,0.0003777801118137169545351,0.0000005331427311400178568,0.0000000000069763218051637,0.0000000051474527353245281,-0.0000000000029291898702134,8.228960,0.006933,0.464482,0.000000,0.000000,0.000000,0.000000,0.000000,1
0.0000000000000000000000000,0.0000000000000000000000000,0.0000000000000000000000000,0.0000000000000000000000000,0.0000000000000000000000000,0.0000000000000000000000000,0.0000000000000000000000000,0.000000,0.000000,0.000000,0.000000,0.000000,0.000000,0.000000,0.000000,1
0.5555555555620230734348297,0.1975308641917819518774024,0.0085733897105140181166272,0.0016598082641441620852657,-0.0000062612805915585607237,-0.0007376925618310883501702,0.0000000000036326700537242,2.487693,0.000000,0.958890,16.895950,0.101823,0.000000,1.010168,0.000000,2
0.0000000000000000000000000,0.0000000000000000000000000,0.0000000000000000000000000,0.0000000000000000000000000,0.0000000000000000000000000,0.0000000000000000000000000,0.0000000000000000000000000,0.000000,0.000000,4.941796,0.000000,0.000000,0.000000,0.000000,0.000000,2
24.9362812390818717744878086,308.2266796611340851086424664,33655.6644205797419999726116657,17294.4240546430009999312460423,386134395.8862907886505126953125000,252503.4652951968018896877765656,-158086344.1966177523136138916015625,0.000000,0.000000,4.147050,0.000000,0.000000,0.000000,0.000000,0.000000,2
0.0000000000000000000000000,0.0000000000000000000000000,0.0000000000000000000000000,0.0000000000000000000000000,0.0000000000000000000000000,0.0000000000000000000000000,0.0000000000000000000000000,0.000000,0.000000,1.062835,8.036066,0.000000,0.000000,0.000000,0.000000,2
0.0000000000000000000000000,0.0000000000000000000000000,0.0000000000000000000000000,0.0000000000000000000000000,0.0000000000000000000000000,0.0000000000000000000000000,0.0000000000000000000000000,0.000000,0.000000,0.646721,0.000000,0.034878,0.000000,0.000000,0.000000,2
0.3334052466324001207098604,0.0770059675111352676113441,0.0028564949847784499789571,0.0006019696345618738000591,0.0000005380042293119465261,0.0000879171439322431233065,-0.0000005776250393768683261,0.000000,0.000000,1.842844,8.609776,0.000000,0.000000,0.000000,0.000000,2
0.0000000000000000000000000,0.0000000000000000000000000,0.0000000000000000000000000,0.0000000000000000000000000,0.0000000000000000000000000,0.0000000000000000000000000,0.0000000000000000000000000,0.000000,0.000000,0.932383,9.668751,0.000000,0.000000,0.000000,0.000000,2
0.0000000000000000000000000,0.0000000000000000000000000,0.0000000000000000000000000,0.0000000000000000000000000,0.0000000000000000000000000,0.0000000000000000000000000,0.0000000000000000000000000,0.000000,0.000000,3.834593,0.000000,0.000382,0.000000,0.000382,0.000000,2
0.2444584739570050957446767,0.0061227290030255610703280,0.0006607650630437266045178,0.0000117720891594754892230,0.0000000006768597876254424,-0.0000004178627912666979292,0.0000000007872949726945333,0.000000,0.000000,0.744180,9.964888,0.054582,0.000000,0.000000,0.000000,2
0.2022770476353293322979710,0.0098986243769069379161429,0.0013009072102395031252792,0.0000336045948106991745679,0.0000000022479608471431229,0.0000003321815969537911467,0.0000000066568991029917011,0.582166,0.042598,0.633756,3.405434,0.003786,0.000000,0.000000,0.000000,2
0.1666666666654350592580158,0.0000000000000000000000014,0.0000000000000000008973247,0.0000000000000000008726769,0.0000000000000000000000000,-0.0000000000000000000000000,-0.0000000000000000000000000,1.874432,1.809110,1.019217,11.203510,0.000000,0.000000,0.000000,0.000000,2
0.3158597500852775019630769,0.0568947470711222286210429,0.0048455236346454360479852,0.0007064193311024245715973,0.0000009678301879452830466,0.0001215799434570473592674,-0.0000008783304106061215395,0.000000,0.000000,1.356198,14.829752,0.022314,0.000000,0.000000,0.000000,2
0.3224852306456920669752719,0.0741490440985651949601376,0.0016143865148758478923752,0.0009123291540750658830047,0.0000011067902039085805532,0.0002471701510829579459018,0.0000000305873750151606374,0.000000,0.000000,2.081264,0.000000,0.617412,0.000000,0.000000,0.000000,2
0.4655156705530872907061735,0.1839399129213467598553677,0.0027214200034582909475123,0.0008993413363969005773838,0.0000012184991840458035880,0.0002161036801331890134549,0.0000007034360896695992964,0.000000,0.000000,0.470774,0.000000,0.081669,0.000000,0.000000,0.000000,2
3.0110590949182878262035956,9.0109050209026761990571686,0.1874336370968198717257280,0.1106688088549083320843991,0.0157597794337383037555078,0.2702949713427462707926452,0.0023836349538765514571859,0.000000,0.000000,1.371244,0.000000,0.214920,14.800840,0.000000,0.000000,2
0.0000000000000000000000000,0.0000000000000000000000000,0.0000000000000000000000000,0.0000000000000000000000000,0.0000000000000000000000000,0.0000000000000000000000000,0.0000000000000000000000000,0.000000,0.000000,1.405533,0.000000,0.000000,0.000000,0.000000,0.000000,2
0.4214633319502250063948168,0.1453568556853581661414410,0.0037562145687818470490837,0.0005527742850306373474656,-0.0000000857073782384532304,-0.0000888497830348041953271,0.0000007918958967759313398,0.000000,0.000000,1.608945,13.690639,0.000000,0.000000,0.000000,0.000000,2
1.3229533956389818438736938,1.7088957304607759191128480,0.0317556516072919070570180,0.0163403993125883044423841,0.0003631708277205600689588,0.0166934033875932655299756,-0.0000815950097377772965313,2.507537,1.029285,1.003984,9.964470,0.000000,0.000000,0.000000,0.000000,2
0.0000000000000000000000000,0.0000000000000000000000000,0.0000000000000000000000000,0.0000000000000000000000000,0.0000000000000000000000000,0.0000000000000000000000000,0.0000000000000000000000000,0.000000,0.000000,1.351046,12.703529,0.000000,0.000000,0.000000,0.000000,2
163.2167960597781473097711569,26046.0787020127208961639553308,1285187.7537269482854753732681274,1394394.1941857698839157819747925,1866624432532.0559082031250000000000000,225038132.3901195526123046875000000,8676818923.9931182861328125000000000,0.000000,0.000000,1.462561,10.458944,0.006697,0.301386,0.000000,0.000000,2
320.2777777777866390351846348,88716.1220850430254358798265457,14248313.9985040277242660522460938,14498888.6692317426204681396484375,208319686593109.5937500000000000000000000,4308221283.7148933410644531250000000,5539633510278.7011718750000000000000000,0.000000,0.000000,2.529873,13.236557,0.000000,0.000000,0.000000,0.000000,2
0.0000000000000000000000000,0.0000000000000000000000000,0.0000000000000000000000000,0.0000000000000000000000000,0.0000000000000000000000000,0.0000000000000000000000000,0.0000000000000000000000000,0.000000,0.000000,1.190019,13.189430,0.000000,0.000000,0.000000,0.000000,2
0.3403101645070583103347417,0.0734368880175170352098135,0.0081247218920556824733881,0.0011487638063646431543785,-0.0000015357904217369513361,-0.0002032374684239670334721,0.0000031556660962709700351,0.000000,0.000000,0.292858,9.341945,0.000000,0.000000,0.000000,0.000000,2
237.1597222222285381576512009,56136.0866729328263318166136742,3526340.0359162678942084312438965,3515576.3693729452788829803466797,12378182992247.4316406250000000000000000,832936755.5016366243362426757812500,-252859769.6160888671875000000000000,1.240337,0.782409,0.789054,13.411150,0.053711,0.000000,0.000000,0.000000,2
0.0000000000000000000000000,0.0000000000000000000000000,0.0000000000000000000000000,0.0000000000000000000000000,0.0000000000000000000000000,0.0000000000000000000000000,0.0000000000000000000000000,0.000000,0.000000,2.010040,0.273614,0.122313,0.000000,0.000000,0.000000,2
0.2118604887465707631299949,0.0191461769199803080732103,0.0000539523535870946768962,0.0000034951350735120219566,-0.0000000000474840741378176,-0.0000004809188959267487627,-0.0000000000069883715302471,0.000000,0.000000,0.312468,0.000000,0.000000,9.263863,0.000000,0.000000,2
0.0000000000000000000000000,0.0000000000000000000000000,0.0000000000000000000000000,0.0000000000000000000000000,0.0000000000000000000000000,0.0000000000000000000000000,0.0000000000000000000000000,0.000000,0.000000,1.665794,3.889761,0.062685,0.000000,0.000000,0.010357,2
0.2581036077290728703026446,0.0359732295431868451252022,0.0016690684948948461378826,0.0004135142895712583276970,0.0000003237026855314604655,0.0000577098810878992271589,-0.0000001150386241965781768,0.000000,0.000000,1.207827,0.000000,0.413785,0.000000,0.000000,0.000000,2
0.2840797751145878735634653,0.0422634257883581568315812,0.0035659952375915533913375,0.0005007270555485079238656,0.0000006672857902654899469,0.0001029369770591695247824,-0.0000000492586558554799407,0.000000,0.000000,0.369313,16.083786,0.007461,0.000000,0.000000,0.000000,2
0.1666666666617970804509241,0.0000000000000000000000233,0.0000000000000000076913172,0.0000000000000000078584246,0.0000000000000000000000000,-0.0000000000000000000000000,0.0000000000000000000000000,0.000000,0.000000,7.646017,0.000000,0.000000,0.000000,0.000000,0.000000,2
0.0000000000000000000000000,0.0000000000000000000000000,0.0000000000000000000000000,0.0000000000000000000000000,0.0000000000000000000000000,0.0000000000000000000000000,0.0000000000000000000000000,0.000000,0.000000,0.633257,12.590140,0.064386,0.000000,0.000000,0.000000,2
0.1682285427145572276330654,0.0000835060139186719025762,0.0008075177748550848265408,0.0000038933614101525051618,-0.0000000001978457275759919,-0.0000000224658997397188442,0.0000000000922714406007339,0.000000,0.000000,0.000000,0.000000,0.000000,0.000000,0.000000,0.000000,2
0.0000000000000000000000000,0.0000000000000000000000000,0.0000000000000000000000000,0.0000000000000000000000000,0.0000000000000000000000000,0.0000000000000000000000000,0.0000000000000000000000000,0.000000,0.000000,0.000000,0.000000,0.000000,0.000000,0.000000,0.000000,2
0.0000000000000000000000000,0.0000000000000000000000000,0.0000000000000000000000000,0.0000000000000000000000000,0.0000000000000000000000000,0.0000000000000000000000000,0.0000000000000000000000000,0.000000,0.000000,0.647680,9.864145,0.000000,0.000000,0.000000,0.000000,2
0.0000000000000000000000000,0.0000000000000000000000000,0.0000000000000000000000000,0.0000000000000000000000000,0.0000000000000000000000000,0.0000000000000000000000000,0.0000000000000000000000000,0.000000,0.000000,0.014090,11.389778,0.000000,0.000000,0.000000,0.000000,2
0.0000000000000000000000000,0.0000000000000000000000000,0.0000000000000000000000000,0.0000000000000000000000000,0.0000000000000000000000000,0.0000000000000000000000000,0.0000000000000000000000000,0.000000,0.000000,0.475410,0.000000,0.000000,0.000000,0.000000,0.000000,2
0.0000000000000000000000000,0.0000000000000000000000000,0.0000000000000000000000000,0.0000000000000000000000000,0.0000000000000000000000000,0.0000000000000000000000000,0.0000000000000000000000000,0.000000,0.000000,1.723659,0.000000,0.000000,0.000000,0.000000,0.000000,2
0.0000000000000000000000000,0.0000000000000000000000000,0.0000000000000000000000000,0.0000000000000000000000000,0.0000000000000000000000000,0.0000000000000000000000000,0.0000000000000000000000000,0.000000,0.000000,0.000000,0.000000,0.000000,0.000000,0.000000,0.000000,2
0.0000000000000000000000000,0.0000000000000000000000000,0.0000000000000000000000000,0.0000000000000000000000000,0.0000000000000000000000000,0.0000000000000000000000000,0.0000000000000000000000000,0.000000,0.000000,0.774148,7.296115,0.000000,0.000000,0.000000,0.000000,2
0.2512993858205510022685303,0.0002079436372105987506417,0.0001394653854176853093917,0.0000816517572774678058317,0.0000000044654650960652945,-0.0000011024958847397860069,0.0000000074820329545262977,0.525636,0.000000,0.915746,8.464637,1.146266,0.000000,0.000000,0.000000,2
0.0000000000000000000000000,0.0000000000000000000000000,0.0000000000000000000000000,0.0000000000000000000000000,0.0000000000000000000000000,0.0000000000000000000000000,0.0000000000000000000000000,0.000000,0.000000,0.596259,0.000000,0.000000,0.000000,0.000000,0.000000,2
0.0000000000000000000000000,0.0000000000000000000000000,0.0000000000000000000000000,0.0000000000000000000000000,0.0000000000000000000000000,0.0000000000000000000000000,0.0000000000000000000000000,0.000000,0.000000,0.968964,8.951847,0.000000,0.000000,0.000000,0.000000,2
0.3036816590246246283513187,0.0259564856508517037558814,0.0097274297810241924788777,0.0005060705145563821607743,-0.0000011200511937766012715,-0.0000815134750840380042621,-0.0000000790050663232742135,0.000000,0.000000,1.004133,0.000000,0.000000,0.000000,0.000000,0.000000,2
0.0000000000000000000000000,0.0000000000000000000000000,0.0000000000000000000000000,0.0000000000000000000000000,0.0000000000000000000000000,0.0000000000000000000000000,0.0000000000000000000000000,0.000000,0.000000,5.491013,0.000000,0.000000,0.000000,0.000000,0.000000,2
0.0000000000000000000000000,0.0000000000000000000000000,0.0000000000000000000000000,0.0000000000000000000000000,0.0000000000000000000000000,0.0000000000000000000000000,0.0000000000000000000000000,0.000000,0.000000,4.585550,0.000000,0.000000,0.000000,0.000000,0.000000,2
0.0000000000000000000000000,0.0000000000000000000000000,0.0000000000000000000000000,0.0000000000000000000000000,0.0000000000000000000000000,0.0000000000000000000000000,0.0000000000000000000000000,0.000000,0.000000,1.204940,0.000000,0.000000,0.000000,0.000000,0.000000,2
0.0000000000000000000000000,0.0000000000000000000000000,0.0000000000000000000000000,0.0000000000000000000000000,0.0000000000000000000000000,0.0000000000000000000000000,0.0000000000000000000000000,0.000000,0.000000,0.202020,0.007130,0.000000,0.000000,0.000000,0.000000,2
0.0000000000000000000000000,0.0000000000000000000000000,0.0000000000000000000000000,0.0000000000000000000000000,0.0000000000000000000000000,0.0000000000000000000000000,0.0000000000000000000000000,0.000000,0.000000,4.631758,0.000000,0.000000,0.000000,0.000000,0.000000,2
0.0000000000000000000000000,0.0000000000000000000000000,0.0000000000000000000000000,0.0000000000000000000000000,0.0000000000000000000000000,0.0000000000000000000000000,0.0000000000000000000000000,0.000000,0.000000,0.000000,0.014037,0.000000,0.000000,0.000000,0.000000,2
0.0000000000000000000000000,0.0000000000000000000000000,0.0000000000000000000000000,0.0000000000000000000000000,0.0000000000000000000000000,0.0000000000000000000000000,0.0000000000000000000000000,0.000000,0.000000,2.006369,15.392222,0.000000,0.000000,0.000000,0.000000,2
0.0000000000000000000000000,0.0000000000000000000000000,0.0000000000000000000000000,0.0000000000000000000000000,0.0000000000000000000000000,0.0000000000000000000000000,0.0000000000000000000000000,0.000000,0.000000,2.510272,0.015653,0.135981,0.000000,0.000000,0.000000,2
0.0000000000000000000000000,0.0000000000000000000000000,0.0000000000000000000000000,0.0000000000000000000000000,0.0000000000000000000000000,0.0000000000000000000000000,0.0000000000000000000000000,0.000000,0.000000,0.613426,0.000000,0.000000,0.000000,0.000000,1.838735,2
0.1730522643863295628730015,0.0001104611843174305792388,0.0002712629796107534426060,0.0000046336681609687303091,0.0000000001403791130535577,0.0000000484971177936717791,-0.0000000000853309429276181,0.000000,0.000000,0.000000,0.000000,0.000000,0.000000,0.000000,0.000000,2
0.0000000000000000000000000,0.0000000000000000000000000,0.0000000000000000000000000,0.0000000000000000000000000,0.0000000000000000000000000,0.0000000000000000000000000,0.0000000000000000000000000,0.000000,0.000000,2.246499,0.000000,0.000000,0.000000,0.000000,0.000000,2
0.0000000000000000000000000,0.0000000000000000000000000,0.0000000000000000000000000,0.0000000000000000000000000,0.0000000000000000000000000,0.0000000000000000000000000,0.0000000000000000000000000,0.000000,0.000000,2.326043,2.111478,0.112845,0.000000,0.000000,0.000000,2
0.2407405921043190288877156,0.0175436585018544331793233,0.0002338242198643826301723,0.0002460276116804830195441,-0.0000000352142918500477529,0.0000311160783234147076976,-0.0000000473503125870933496,0.000000,0.000000,0.934317,0.000000,0.000000,0.000000,0.000000,0.000000,2
0.2375192284860289104742037,0.0191906928343837136774486,0.0053759273449849086581875,0.0008849368956358561822198,0.0000018496888897851602425,0.0001124282206886474661358,-0.0000005515434420354450130,0.000000,0.000000,2.569395,0.000000,0.000000,0.000000,0.000000,0.000000,2
0.2154660416337418893384381,0.0121192935877447189457756,0.0018035271053404627796674,0.0004883096968869871665545,0.0000004573831122692863814,0.0000535226485271809594561,0.0000000282059416493142077,0.000000,0.000000,1.495845,0.000000,0.000000,0.000000,0.000000,0.000000,2
0.0000000000000000000000000,0.0000000000000000000000000,0.0000000000000000000000000,0.0000000000000000000000000,0.0000000000000000000000000,0.0000000000000000000000000,0.0000000000000000000000000,0.000000,0.000000,3.245748,5.309091,0.000000,0.000000,0.000000,0.000000,2
0.2222222222335403785109520,0.0123456790087526132454476,0.0054869699804160594960867,0.0002194787624238638988269,-0.0000002408546559635440639,-0.0000243865291546564597275,0.0000000000002119760325689,0.000000,0.000000,1.396040,11.043847,0.000000,0.000000,0.000000,0.000000,2
0.0000000000000000000000000,0.0000000000000000000000000,0.0000000000000000000000000,0.0000000000000000000000000,0.0000000000000000000000000,0.0000000000000000000000000,0.0000000000000000000000000,0.000000,0.000000,4.368107,0.000000,0.162750,0.000000,0.000000,0.000000,2
0.0000000000000000000000000,0.0000000000000000000000000,0.0000000000000000000000000,0.0000000000000000000000000,0.0000000000000000000000000,0.0000000000000000000000000,0.0000000000000000000000000,0.000000,0.000000,0.000000,0.000000,2.247487,0.000000,0.058771,0.000000,3
0.0000000000000000000000000,0.0000000000000000000000000,0.0000000000000000000000000,0.0000000000000000000000000,0.0000000000000000000000000,0.0000000000000000000000000,0.0000000000000000000000000,0.000000,0.000000,0.000000,0.000000,9.263158,0.000000,0.000000,0.000000,3
0.0000000000000000000000000,0.0000000000000000000000000,0.0000000000000000000000000,0.0000000000000000000000000,0.0000000000000000000000000,0.0000000000000000000000000,0.0000000000000000000000000,0.000000,0.000000,0.000000,0.000000,4.677238,0.000000,0.051314,0.000000,3
0.1614478700226868457257012,0.0000348298587916537317165,0.0000582636590536741031721,0.0000001780801751293839022,-0.0000000000003664715444553,-0.0000000009321473884510196,0.0000000000004412883534269,0.000000,0.000000,0.000000,0.000000,2.619574,0.000000,0.000000,0.000000,3
0.0000000000000000000000000,0.0000000000000000000000000,0.0000000000000000000000000,0.0000000000000000000000000,0.0000000000000000000000000,0.0000000000000000000000000,0.0000000000000000000000000,0.000000,0.000000,0.000000,0.000000,8.478891,0.000000,0.000000,0.000000,3
0.0000000000000000000000000,0.0000000000000000000000000,0.0000000000000000000000000,0.0000000000000000000000000,0.0000000000000000000000000,0.0000000000000000000000000,0.0000000000000000000000000,0.000000,0.000000,0.000000,0.000000,9.231475,0.000000,0.000000,0.000000,3
1.7071940104163445539597888,2.7957268026149511008782156,0.2055064984330962629677231,0.0230672175936815632146804,-0.0015703528738644470692798,-0.0385139481831664395872217,-0.0002374359166665672296950,0.000000,0.000000,0.000000,0.000000,6.335307,0.000000,0.000000,0.000000,3
0.0000000000000000000000000,0.0000000000000000000000000,0.0000000000000000000000000,0.0000000000000000000000000,0.0000000000000000000000000,0.0000000000000000000000000,0.0000000000000000000000000,2.380887,3.238811,0.000000,0.000000,3.782269,1.953982,0.000000,0.000000,3
0.0000000000000000000000000,0.0000000000000000000000000,0.0000000000000000000000000,0.0000000000000000000000000,0.0000000000000000000000000,0.0000000000000000000000000,0.0000000000000000000000000,0.000000,0.000000,0.000000,0.000000,7.085526,0.000000,0.000000,0.000000,3
0.0000000000000000000000000,0.0000000000000000000000000,0.0000000000000000000000000,0.0000000000000000000000000,0.0000000000000000000000000,0.0000000000000000000000000,0.0000000000000000000000000,0.000000,0.032708,0.000000,0.000000,4.686869,0.000000,0.000000,0.000000,3
1.6403034979436292850607515,2.2237960111839356613927521,0.7737926186444886722526348,0.1735851828029566779054704,0.0359862872752789789143613,-0.0071146219315505188074411,-0.0524619906751085593454853,0.000000,0.000000,0.000000,0.000000,6.295743,0.000000,0.000000,0.000000,3
0.0000000000000000000000000,0.0000000000000000000000000,0.0000000000000000000000000,0.0000000000000000000000000,0.0000000000000000000000000,0.0000000000000000000000000,0.0000000000000000000000000,0.000000,0.000000,0.000000,0.000000,1.602390,0.000000,0.000000,0.000000,3
0.0000000000000000000000000,0.0000000000000000000000000,0.0000000000000000000000000,0.0000000000000000000000000,0.0000000000000000000000000,0.0000000000000000000000000,0.0000000000000000000000000,0.000000,0.000000,0.000000,0.000000,1.284971,0.000000,0.000000,0.000000,3
0.0000000000000000000000000,0.0000000000000000000000000,0.0000000000000000000000000,0.0000000000000000000000000,0.0000000000000000000000000,0.0000000000000000000000000,0.0000000000000000000000000,1.551873,0.000000,0.000000,0.000000,2.238485,0.000000,0.000000,0.000000,3
0.0000000000000000000000000,0.0000000000000000000000000,0.0000000000000000000000000,0.0000000000000000000000000,0.0000000000000000000000000,0.0000000000000000000000000,0.0000000000000000000000000,0.000000,0.000000,0.000000,0.000000,10.084971,0.000000,0.000000,0.000000,3
0.0000000000000000000000000,0.0000000000000000000000000,0.0000000000000000000000000,0.0000000000000000000000000,0.0000000000000000000000000,0.0000000000000000000000000,0.0000000000000000000000000,0.000000,0.000000,0.000000,0.000000,1.983420,0.000000,0.000000,0.000000,3
0.2769098001289032606742069,0.0415013398314780512787792,0.0002979255248899641121164,0.0000997300347451556278055,0.0000000153913452652178207,0.0000134385482076868304505,-0.0000000076567380588517495,0.000000,0.000000,0.000000,0.000000,7.450208,0.000000,0.000000,0.000000,3
0.0000000000000000000000000,0.0000000000000000000000000,0.0000000000000000000000000,0.0000000000000000000000000,0.0000000000000000000000000,0.0000000000000000000000000,0.0000000000000000000000000,0.000000,0.000000,0.000000,0.000000,4.083035,0.979689,0.000000,0.000000,3
0.1930038146260929510233950,0.0074481473899534085536533,0.0014119996075781476689570,0.0001496365407528697300584,0.0000000669131828392970848,0.0000120817779066105042863,-0.0000000159237940473705803,1.200131,0.000000,0.087814,0.000000,2.832447,0.000000,0.000000,0.000000,3
0.0000000000000000000000000,0.0000000000000000000000000,0.0000000000000000000000000,0.0000000000000000000000000,0.0000000000000000000000000,0.0000000000000000000000000,0.0000000000000000000000000,0.000000,0.000000,0.000000,0.000000,6.376586,0.000000,0.000000,0.000000,3
0.0000000000000000000000000,0.0000000000000000000000000,0.0000000000000000000000000,0.0000000000000000000000000,0.0000000000000000000000000,0.0000000000000000000000000,0.0000000000000000000000000,0.000000,0.000000,0.000000,0.000000,8.831100,0.000000,0.000000,0.000000,3
0.0000000000000000000000000,0.0000000000000000000000000,0.0000000000000000000000000,0.0000000000000000000000000,0.0000000000000000000000000,0.0000000000000000000000000,0.0000000000000000000000000,0.000000,0.000000,0.000000,0.000000,11.150220,0.000000,0.037712,0.000000,3
0.0000000000000000000000000,0.0000000000000000000000000,0.0000000000000000000000000,0.0000000000000000000000000,0.0000000000000000000000000,0.0000000000000000000000000,0.0000000000000000000000000,0.000000,0.000000,0.000000,0.000000,6.458989,0.000000,0.000000,0.000000,3
0.0000000000000000000000000,0.0000000000000000000000000,0.0000000000000000000000000,0.0000000000000000000000000,0.0000000000000000000000000,0.0000000000000000000000000,0.0000000000000000000000000,0.000000,0.000000,0.000000,0.000000,7.111275,0.000000,0.000000,0.000000,3
0.0000000000000000000000000,0.0000000000000000000000000,0.0000000000000000000000000,0.0000000000000000000000000,0.0000000000000000000000000,0.0000000000000000000000000,0.0000000000000000000000000,0.000000,0.000000,0.000000,0.000000,3.904708,0.000000,0.000000,0.000000,3
0.0000000000000000000000000,0.0000000000000000000000000,0.0000000000000000000000000,0.0000000000000000000000000,0.0000000000000000000000000,0.0000000000000000000000000,0.0000000000000000000000000,0.000000,0.000000,0.000000,0.000000,0.499635,0.000000,0.000000,0.000000,3
0.0000000000000000000000000,0.0000000000000000000000000,0.0000000000000000000000000,0.0000000000000000000000000,0.0000000000000000000000000,0.0000000000000000000000000,0.0000000000000000000000000,0.000000,0.000000,0.000000,0.000000,14.791964,0.000000,0.000000,0.000000,3
0.0000000000000000000000000,0.0000000000000000000000000,0.0000000000000000000000000,0.0000000000000000000000000,0.0000000000000000000000000,0.0000000000000000000000000,0.0000000000000000000000000,0.000000,0.000000,0.000000,0.000000,0.000000,0.000000,0.000000,0.000000,3
0.2060134631164944052361676,0.0105824557909687533285847,0.0009158284776961983942450,0.0002271808096044757756867,0.0000001019113757727636184,0.0000227620350858275707060,0.0000000187673054011069794,0.000000,0.000000,0.000000,0.000000,0.000000,0.000000,0.000000,0.000000,3
0.6302017191779232252457632,0.3353851778691778751095853,0.0173566391606011158343925,0.0132636086061414006087578,0.0002011079119290737425140,0.0073140350843421114007681,-0.0000074301574836432474720,0.000000,0.000000,0.000000,0.000000,5.170102,0.000000,0.000000,0.000000,3
0.0000000000000000000000000,0.0000000000000000000000000,0.0000000000000000000000000,0.0000000000000000000000000,0.0000000000000000000000000,0.0000000000000000000000000,0.0000000000000000000000000,0.000000,0.000000,0.000000,0.000000,3.700987,0.000000,0.000000,0.000000,3
0.2767526027028362478610291,0.0403961099100314802168299,0.0008577696375759284470180,0.0002304901981582918016247,0.0000000776086706925375897,0.0000237911304277074557838,-0.0000000669346655387672829,0.000000,0.000000,0.003068,0.000000,10.701084,0.000000,0.000000,0.000000,3
0.2506621448586298650518245,0.0308364076585454782719609,0.0011262411882983801910546,0.0002909620711950563847446,0.0000001652123582396891340,0.0000504242480510889976345,0.0000000211436538517345616,0.000000,0.000000,0.000000,0.000000,10.837269,0.000000,0.000000,0.000000,3
0.3279258052244210519532430,0.0662293408866801158740856,0.0019125605261499450081286,0.0010085680859025782877408,0.0000013757482885119685816,0.0002533980233822783747696,-0.0000002635536751516549934,0.000000,0.000000,0.000000,0.000000,1.027257,18.554621,0.000000,0.000000,4
0.0000000000000000000000000,0.0000000000000000000000000,0.0000000000000000000000000,0.0000000000000000000000000,0.0000000000000000000000000,0.0000000000000000000000000,0.0000000000000000000000000,0.000000,0.000000,0.000000,0.000000,0.226978,6.659683,0.000000,0.000000,4
0.1780547609249691354271761,0.0011934305849847311100514,0.0002218577210712244858655,0.0000234472408849863294430,0.0000000008855559395918216,0.0000003708690727451012740,0.0000000014407233138893406,0.000000,0.000000,0.000000,0.000000,0.397173,11.442495,0.000000,0.000000,4
0.1666666666662877105409279,0.0000000000000000000000001,0.0000000000000000000024329,0.0000000000000000000044761,0.0000000000000000000000000,-0.0000000000000000000000000,0.0000000000000000000000000,0.000000,0.000000,0.000000,0.000000,0.534091,7.886364,0.000000,0.000000,4
0.0000000000000000000000000,0.0000000000000000000000000,0.0000000000000000000000000,0.0000000000000000000000000,0.0000000000000000000000000,0.0000000000000000000000000,0.0000000000000000000000000,0.000000,0.000000,0.000000,0.000000,2.388370,19.997032,0.111259,0.000000,4
0.0000000000000000000000000,0.0000000000000000000000000,0.0000000000000000000000000,0.0000000000000000000000000,0.0000000000000000000000000,0.0000000000000000000000000,0.0000000000000000000000000,0.000000,0.000000,0.000000,0.000000,11.824347,8.828757,0.039502,0.000000,4
0.0000000000000000000000000,0.0000000000000000000000000,0.0000000000000000000000000,0.0000000000000000000000000,0.0000000000000000000000000,0.0000000000000000000000000,0.0000000000000000000000000,0.000000,0.000000,0.000000,0.000000,0.374269,0.729045,0.000000,0.000000,4
0.0000000000000000000000000,0.0000000000000000000000000,0.0000000000000000000000000,0.0000000000000000000000000,0.0000000000000000000000000,0.0000000000000000000000000,0.0000000000000000000000000,0.000000,0.000000,0.000000,0.000000,0.956999,14.691092,0.000000,0.000000,4
0.0000000000000000000000000,0.0000000000000000000000000,0.0000000000000000000000000,0.0000000000000000000000000,0.0000000000000000000000000,0.0000000000000000000000000,0.0000000000000000000000000,0.000000,0.000000,0.000000,0.000000,7.639020,5.187144,0.000000,0.000000,4
0.0000000000000000000000000,0.0000000000000000000000000,0.0000000000000000000000000,0.0000000000000000000000000,0.0000000000000000000000000,0.0000000000000000000000000,0.0000000000000000000000000,15.633200,0.000000,2.933712,0.000000,0.769992,0.788274,0.000000,0.000000,4
0.0000000000000000000000000,0.0000000000000000000000000,0.0000000000000000000000000,0.0000000000000000000000000,0.0000000000000000000000000,0.0000000000000000000000000,0.0000000000000000000000000,0.000000,0.000000,0.000000,0.000000,0.423529,8.440641,0.000000,0.000000,4
0.0000000000000000000000000,0.0000000000000000000000000,0.0000000000000000000000000,0.0000000000000000000000000,0.0000000000000000000000000,0.0000000000000000000000000,0.0000000000000000000000000,7.316592,0.000000,0.013820,0.000000,0.327726,5.895128,0.000000,0.000000,4
0.0000000000000000000000000,0.0000000000000000000000000,0.0000000000000000000000000,0.0000000000000000000000000,0.0000000000000000000000000,0.0000000000000000000000000,0.0000000000000000000000000,0.000000,0.000000,0.055364,0.000000,0.098425,3.623278,0.000000,0.000000,4
0.2937436627819163259545121,0.0009985326125168097338713,0.0167323044798097092522582,0.0018260914724481797088984,-0.0000085744816639050833965,0.0000516562015076993153199,-0.0000053260056463425560713,0.000000,0.000000,0.000000,0.000000,4.755465,10.962444,0.000000,0.000000,4
0.2609460162384368286936365,0.0338304332735724702652114,0.0036502892094778596754345,0.0008343189449680878458371,0.0000013538352380556278192,0.0001299913847685336130196,0.0000005357893716768740900,0.000000,0.000000,0.000000,0.000000,1.323546,10.871984,0.000000,0.000000,4
0.2217179814994399422722893,0.0141820989822157780824163,0.0002639651989519100250443,0.0000787594256720393879907,0.0000000098402733797792343,0.0000093416339426943842080,0.0000000056682275196436689,0.000000,0.000000,0.000000,0.000000,0.495170,13.856645,0.000000,0.000000,4
0.2604144647422419467375221,0.0288589771382780670150314,0.0004606296875381539024201,0.0002449157277159055021501,0.0000000821418076417002726,0.0000414902532437204724027,-0.0000000044512242027060370,0.000000,0.000000,0.000000,0.000000,0.342857,16.280519,0.000000,0.000000,4
0.0000000000000000000000000,0.0000000000000000000000000,0.0000000000000000000000000,0.0000000000000000000000000,0.0000000000000000000000000,0.0000000000000000000000000,0.0000000000000000000000000,0.000000,0.000000,0.177004,0.000000,1.253780,14.241464,0.000000,0.000000,4
0.2496186906868110011448181,0.0258257217455855614396398,0.0003932307588879640808562,0.0002470017670236910375253,0.0000000661644319057115098,0.0000352678002579510444501,-0.0000000393456112368762102,0.000000,0.000000,0.000000,0.000000,0.500801,16.887020,0.000000,0.000000,4
0.2243463498354255070132979,0.0124118582008348986300827,0.0018670699459903273686318,0.0002177902063707488726496,0.0000001109107382610335535,0.0000066864432514846022977,0.0000000835840553033650124,0.000000,0.000000,0.000000,0.000000,0.000000,14.986951,0.000000,0.000000,4
0.2499999999993178789736703,0.0347222222219316922764420,0.0000000000000000001030154,0.0000000000000000000790735,0.0000000000000000000000000,0.0000000000000000000138666,0.0000000000000000000000000,0.000000,0.000000,0.000000,0.000000,0.000000,0.000000,0.000000,0.000000,4
0.0000000000000000000000000,0.0000000000000000000000000,0.0000000000000000000000000,0.0000000000000000000000000,0.0000000000000000000000000,0.0000000000000000000000000,0.0000000000000000000000000,0.000000,0.000000,0.015399,0.000000,0.000000,20.160145,0.000000,0.000000,4
0.0000000000000000000000000,0.0000000000000000000000000,0.0000000000000000000000000,0.0000000000000000000000000,0.0000000000000000000000000,0.0000000000000000000000000,0.0000000000000000000000000,0.000000,0.000000,0.050438,0.000000,1.518746,0.502513,0.000000,0.000000,4
0.0000000000000000000000000,0.0000000000000000000000000,0.0000000000000000000000000,0.0000000000000000000000000,0.0000000000000000000000000,0.0000000000000000000000000,0.0000000000000000000000000,0.000000,0.000000,0.000000,0.000000,0.129235,2.537713,0.000000,0.000000,4
0.0000000000000000000000000,0.0000000000000000000000000,0.0000000000000000000000000,0.0000000000000000000000000,0.0000000000000000000000000,0.0000000000000000000000000,0.0000000000000000000000000,0.000000,0.000000,0.000000,0.233051,0.148305,0.000000,0.000000,0.000000,4
0.2609757905747492889858563,0.0055961653697964098067019,0.0084271251665023871185722,0.0004743030727659563214153,-0.0000003171906050851946476,-0.0000161750619956889781165,0.0000008936282252669734647,0.000000,0.000000,0.000000,0.000000,0.520485,12.470110,0.000000,0.000000,4
0.0000000000000000000000000,0.0000000000000000000000000,0.0000000000000000000000000,0.0000000000000000000000000,0.0000000000000000000000000,0.0000000000000000000000000,0.0000000000000000000000000,0.000000,0.000000,0.000000,0.000000,0.816401,22.795719,0.000000,0.000000,4
0.2224866820197848316098543,0.0134139028826774312636028,0.0001904958107492538902771,0.0000145088986889684038925,-0.0000000000954024415516475,0.0000013021928907398812054,0.0000000007567817027085372,0.000000,0.000000,0.002336,0.000000,0.000000,23.152042,0.000000,0.000000,4
0.1951768988197944976192844,0.0058868216190460041087329,0.0005302311794808010295826,0.0000293856152998897480111,-0.0000000032667528332083310,-0.0000015204157599235259250,0.0000000016681996028520201,0.000000,0.000000,0.000000,0.000000,0.866229,9.493185,0.000000,0.000000,4
0.0000000000000000000000000,0.0000000000000000000000000,0.0000000000000000000000000,0.0000000000000000000000000,0.0000000000000000000000000,0.0000000000000000000000000,0.0000000000000000000000000,0.000000,0.000000,0.000000,0.000000,0.833945,7.136219,0.000000,0.000000,4
0.0000000000000000000000000,0.0000000000000000000000000,0.0000000000000000000000000,0.0000000000000000000000000,0.0000000000000000000000000,0.0000000000000000000000000,0.0000000000000000000000000,0.000000,0.000000,0.000000,0.000000,0.490611,0.000000,5.088818,0.000000,5
0.0000000000000000000000000,0.0000000000000000000000000,0.0000000000000000000000000,0.0000000000000000000000000,0.0000000000000000000000000,0.0000000000000000000000000,0.0000000000000000000000000,0.000000,0.000000,0.000000,0.000000,0.302810,0.000000,13.085433,14.328973,5
0.0000000000000000000000000,0.0000000000000000000000000,0.0000000000000000000000000,0.0000000000000000000000000,0.0000000000000000000000000,0.0000000000000000000000000,0.0000000000000000000000000,0.000000,0.000000,0.000000,0.000000,2.574387,0.000000,4.383569,6.724697,5
0.6249999999974988895701244,0.2934027777803230874198448,0.0312499995633572814901502,0.0034722223806669381442058,-0.0000361689837044934219142,-0.0018807871228694163310419,-0.0000000000002694799238702,0.000000,0.000000,0.000000,0.000000,1.060246,0.000000,0.000000,31.951010,5
0.2222222222226264420896769,0.0123456790103694934862544,0.0054869679135085853288745,0.0002194786150720043978353,-0.0000002408543680448750698,-0.0000243865127838239204830,-0.0000000000001838229117274,0.000000,0.000000,0.026316,0.000000,1.059211,0.000000,0.000000,0.000000,5
0.0000000000000000000000000,0.0000000000000000000000000,0.0000000000000000000000000,0.0000000000000000000000000,0.0000000000000000000000000,0.0000000000000000000000000,0.0000000000000000000000000,0.000000,0.000000,0.000000,0.000000,0.242311,0.000000,0.000000,5.531739,5
0.0000000000000000000000000,0.0000000000000000000000000,0.0000000000000000000000000,0.0000000000000000000000000,0.0000000000000000000000000,0.0000000000000000000000000,0.0000000000000000000000000,0.000000,0.000000,0.000000,0.000000,5.635649,0.000000,2.645988,4.274065,5
0.0000000000000000000000000,0.0000000000000000000000000,0.0000000000000000000000000,0.0000000000000000000000000,0.0000000000000000000000000,0.0000000000000000000000000,0.0000000000000000000000000,0.000000,0.000000,0.000000,0.000000,0.102615,0.000000,2.265806,7.128434,5
0.0000000000000000000000000,0.0000000000000000000000000,0.0000000000000000000000000,0.0000000000000000000000000,0.0000000000000000000000000,0.0000000000000000000000000,0.0000000000000000000000000,0.000000,0.000000,0.000000,0.000000,0.469967,0.000000,2.060623,8.081202,5
0.0000000000000000000000000,0.0000000000000000000000000,0.0000000000000000000000000,0.0000000000000000000000000,0.0000000000000000000000000,0.0000000000000000000000000,0.0000000000000000000000000,0.000000,0.000000,0.000000,0.000000,0.540376,0.000000,0.000000,39.313904,5
0.0000000000000000000000000,0.0000000000000000000000000,0.0000000000000000000000000,0.0000000000000000000000000,0.0000000000000000000000000,0.0000000000000000000000000,0.0000000000000000000000000,0.000000,0.000000,0.000000,0.000000,0.448771,0.000000,7.962382,14.162680,5
0.0000000000000000000000000,0.0000000000000000000000000,0.0000000000000000000000000,0.0000000000000000000000000,0.0000000000000000000000000,0.0000000000000000000000000,0.0000000000000000000000000,0.000000,0.000000,0.000000,0.000000,0.254545,0.000000,8.181818,8.321678,5
0.0000000000000000000000000,0.0000000000000000000000000,0.0000000000000000000000000,0.0000000000000000000000000,0.0000000000000000000000000,0.0000000000000000000000000,0.0000000000000000000000000,0.000000,0.000000,0.000000,0.000000,0.499558,0.000000,17.500000,8.903625,5
0.2222222222644631983712316,0.0123456790103694934862544,0.0054869691663211161286595,0.0002194790489527483935694,-0.0000002408551097483261797,-0.0000243865609927853337568,0.0000000000004121472450434,0.000000,0.000000,0.000000,0.000000,0.465402,0.000000,15.665613,17.496487,5
0.0000000000000000000000000,0.0000000000000000000000000,0.0000000000000000000000000,0.0000000000000000000000000,0.0000000000000000000000000,0.0000000000000000000000000,0.0000000000000000000000000,0.000000,0.000000,0.000000,0.000000,0.971193,0.000000,3.156379,12.662552,5
0.1661351968712136417671843,0.0003826957751531929433249,0.0001436993059621177368755,0.0000007307884670689265042,0.0000000000074888453583795,-0.0000000142961309904851034,-0.0000000000000000012829712,5.745136,0.000000,0.000000,0.000000,0.000000,0.000000,0.000000,20.260908,5
0.5514403292197836981003434,0.2182763467636514853609242,0.0262534278811697024957894,0.0131613758313917413728111,0.0002344301908622825657627,0.0040476401793842894591413,-0.0000699716528160282429842,0.000000,0.000000,0.000000,0.000000,1.265944,0.000000,14.531250,8.785076,5
0.3576407760492231191484791,0.0737424847460810273247489,0.0032993115758935022407972,0.0006801489175787521230393,0.0000005558187969744040809,0.0000475516917502443248254,-0.0000008539065044573473651,0.000000,0.000000,0.000000,0.000000,0.000000,0.000000,0.000000,4.665943,5
0.0000000000000000000000000,0.0000000000000000000000000,0.0000000000000000000000000,0.0000000000000000000000000,0.0000000000000000000000000,0.0000000000000000000000000,0.0000000000000000000000000,0.000000,0.000000,0.000000,0.000000,0.000000,0.000000,3.465509,3.123881,5
0.0000000000000000000000000,0.0000000000000000000000000,0.0000000000000000000000000,0.0000000000000000000000000,0.0000000000000000000000000,0.0000000000000000000000000,0.0000000000000000000000000,0.000000,0.000000,0.001998,0.000000,0.037964,0.000000,0.000000,22.036844,5
0.0000000000000000000000000,0.0000000000000000000000000,0.0000000000000000000000000,0.0000000000000000000000000,0.0000000000000000000000000,0.0000000000000000000000000,0.0000000000000000000000000,0.000000,0.000000,0.012612,0.000000,0.000000,0.000000,0.000000,0.000000,5
0.0000000000000000000000000,0.0000000000000000000000000,0.0000000000000000000000000,0.0000000000000000000000000,0.0000000000000000000000000,0.0000000000000000000000000,0.0000000000000000000000000,0.000000,0.000000,0.591063,0.000000,0.424509,0.000000,10.900474,3.232228,5
0.0000000000000000000000000,0.0000000000000000000000000,0.0000000000000000000000000,0.0000000000000000000000000,0.0000000000000000000000000,0.0000000000000000000000000,0.0000000000000000000000000,0.000000,0.000000,0.000000,0.000000,0.124080,0.000000,0.000000,14.125191,5
0.0000000000000000000000000,0.0000000000000000000000000,0.0000000000000000000000000,0.0000000000000000000000000,0.0000000000000000000000000,0.0000000000000000000000000,0.0000000000000000000000000,0.000000,0.000000,0.000000,0.000000,2.138731,0.000000,0.000000,17.546534,5
